structure(list(country = structure(c(5L, 5L, 5L, 5L, 5L, 5L, 
5L, 5L, 5L, 5L, 5L, 5L, 3L, 3L, 3L, 3L, 3L, 3L, 3L, 3L, 3L, 3L, 
3L, 3L, 4L, 4L, 4L, 4L, 4L, 4L, 4L, 4L, 4L, 4L, 4L, 4L, 2L, 2L, 
2L, 2L, 2L, 2L, 2L, 2L, 2L, 2L, 2L, 2L, 1L, 1L, 1L, 1L, 1L, 1L, 
1L, 1L, 1L, 1L, 1L, 1L), .Label = c("Nigeria", "China", "Austria", 
"Canada", "Australia"), class = "factor"), continent = structure(c(5L, 
5L, 5L, 5L, 5L, 5L, 5L, 5L, 5L, 5L, 5L, 5L, 4L, 4L, 4L, 4L, 4L, 
4L, 4L, 4L, 4L, 4L, 4L, 4L, 2L, 2L, 2L, 2L, 2L, 2L, 2L, 2L, 2L, 
2L, 2L, 2L, 3L, 3L, 3L, 3L, 3L, 3L, 3L, 3L, 3L, 3L, 3L, 3L, 1L, 
1L, 1L, 1L, 1L, 1L, 1L, 1L, 1L, 1L, 1L, 1L), .Label = c("Africa", 
"Americas", "Asia", "Europe", "Oceania"), class = "factor"), 
    year = c(1952L, 1957L, 1962L, 1967L, 1972L, 1977L, 1982L, 
    1987L, 1992L, 1997L, 2002L, 2007L, 1952L, 1957L, 1962L, 1967L, 
    1972L, 1977L, 1982L, 1987L, 1992L, 1997L, 2002L, 2007L, 1952L, 
    1957L, 1962L, 1967L, 1972L, 1977L, 1982L, 1987L, 1992L, 1997L, 
    2002L, 2007L, 1952L, 1957L, 1962L, 1967L, 1972L, 1977L, 1982L, 
    1987L, 1992L, 1997L, 2002L, 2007L, 1952L, 1957L, 1962L, 1967L, 
    1972L, 1977L, 1982L, 1987L, 1992L, 1997L, 2002L, 2007L), 
    lifeExp = c(69.12, 70.33, 70.93, 71.1, 71.93, 73.49, 74.74, 
    76.32, 77.56, 78.83, 80.37, 81.235, 66.8, 67.48, 69.54, 70.14, 
    70.63, 72.17, 73.18, 74.94, 76.04, 77.51, 78.98, 79.829, 
    68.75, 69.96, 71.3, 72.13, 72.88, 74.21, 75.76, 76.86, 77.95, 
    78.61, 79.77, 80.653, 44, 50.54896, 44.50136, 58.38112, 63.11888, 
    63.96736, 65.525, 67.274, 68.69, 70.426, 72.028, 72.961, 
    36.324, 37.802, 39.36, 41.04, 42.821, 44.514, 45.826, 46.886, 
    47.472, 47.464, 46.608, 46.859), pop = c(8691212L, 9712569L, 
    10794968L, 11872264L, 13177000L, 14074100L, 15184200L, 16257249L, 
    17481977L, 18565243L, 19546792L, 20434176L, 6927772L, 6965860L, 
    7129864L, 7376998L, 7544201L, 7568430L, 7574613L, 7578903L, 
    7914969L, 8069876L, 8148312L, 8199783L, 14785584L, 17010154L, 
    18985849L, 20819767L, 22284500L, 23796400L, 25201900L, 26549700L, 
    28523502L, 30305843L, 31902268L, 33390141L, 556263527L, 637408000L, 
    665770000L, 754550000L, 862030000L, 943455000L, 1000281000L, 
    1084035000L, 1164970000L, 1230075000L, 1280400000L, 1318683096L, 
    33119096L, 37173340L, 41871351L, 47287752L, 53740085L, 62209173L, 
    73039376L, 81551520L, 93364244L, 106207839L, 119901274L, 
    135031164L), gdpPercap = c(10039.59564, 10949.64959, 12217.22686, 
    14526.12465, 16788.62948, 18334.19751, 19477.00928, 21888.88903, 
    23424.76683, 26997.93657, 30687.75473, 34435.36744, 6137.076492, 
    8842.59803, 10750.72111, 12834.6024, 16661.6256, 19749.4223, 
    21597.08362, 23687.82607, 27042.01868, 29095.92066, 32417.60769, 
    36126.4927, 11367.16112, 12489.95006, 13462.48555, 16076.58803, 
    18970.57086, 22090.88306, 22898.79214, 26626.51503, 26342.88426, 
    28954.92589, 33328.96507, 36319.23501, 400.448611, 575.9870009, 
    487.6740183, 612.7056934, 676.9000921, 741.2374699, 962.4213805, 
    1378.904018, 1655.784158, 2289.234136, 3119.280896, 4959.114854, 
    1077.281856, 1100.592563, 1150.927478, 1014.514104, 1698.388838, 
    1981.951806, 1576.97375, 1385.029563, 1619.848217, 1624.941275, 
    1615.286395, 2013.977305)), .Names = c("country", "continent", 
"year", "lifeExp", "pop", "gdpPercap"), class = c("tbl_df", "tbl", 
"data.frame"), row.names = c(NA, -60L))
